Protein systematic name	Number of unique peptides	Total MS/MS counts	Average ln(H/(H+L))	Standard deviation ln(H/H+L)	Number of unique peptides	Total MS/MS counts	Average ln(H/(H+L))	Standard deviation ln(H/H+L)	Number of unique peptides	Total MS/MS counts	Average ln(H/(H+L))	Standard deviation ln(H/H+L)	Number of unique peptides	Total MS/MS counts	Average ln(H/(H+L))	Standard deviation ln(H/H+L)	Number of unique peptides	Total MS/MS counts	Average ln(H/(H+L))	Standard deviation ln(H/H+L)
YDR019C	0	0	0	0	0	0	0	0	0	0	0	0	0	0	0	0	1	1	-2.67115	0
YPR181C	2	3	-0.34978	0.00322	1	2	-0.61753	0	2	2	-0.82553	0.13897	2	2	-1.10444	0.43581	1	1	-1.70719	0
YGR159C	1	2	-0.78631	0	3	4	-0.95539	0.14759	0	0	0	0	1	1	-1.27789	0	0	0	0	0
YDR155C	4	5	-0.26461	0.11133	4	7	-0.65768	0.0535	5	8	-1.06062	0.10868	3	6	-1.58668	0.16002	2	3	-1.73525	0.19383
YOL040C	3	9	-0.4323	0.05242	3	9	-0.78459	0.06787	3	7	-1.19631	0.06972	3	9	-1.48967	0.15656	4	9	-1.61752	0.19437
YDL126C	1	1	-0.33253	0	2	3	-0.68214	0.01137	0	0	0	0	1	1	-1.59188	0	0	0	0	0
YGR280C	1	1	-0.7594	0	1	1	-1.03338	0	1	1	-1.40947	0	1	1	-1.72595	0	0	0	0	0
YLL045C	1	1	-0.45884	0	1	1	-0.82055	0	1	1	-1.28149	0	7	7	-1.41683	0.2177	4	4	-1.3614	0.49843
YKR082W	34	53	-0.24465	0.09628	35	53	-0.26755	0.03936	25	37	-0.29097	0.03562	27	37	-0.35455	0.05075	27	45	-0.38128	0.05715
YDR424C	4	6	-0.2542	0.04943	5	8	-0.61926	0.03918	4	7	-1.05065	0.02001	5	6	-1.50515	0.09459	4	5	-1.7482	0.1361
YIL115C	41	66	-0.27567	0.11237	35	63	-0.38191	0.15896	30	55	-0.39216	0.13608	23	43	-0.42683	0.06246	20	38	-0.44564	0.08069
YLR048W	2	3	-0.60287	0.11737	1	1	-0.82577	0	2	3	-1.27152	0.07777	1	3	-1.58784	0	1	2	-1.51635	0
YLR044C	12	34	-0.33914	0.0171	13	49	-0.83907	0.02716	13	32	-1.27719	0.04093	16	42	-1.59336	0.19847	13	35	-1.76662	0.12363
YHR183W	3	3	-0.35872	0.13241	4	5	-0.54051	0.07684	1	1	-0.9679	0	2	2	-1.28778	0.36341	3	3	-1.59857	0.43753
YOL072W	2	2	-0.24868	0.01772	2	2	-0.5069	0.01989	1	1	-1.1121	0	1	3	-1.40863	0	1	2	-1.61519	0
YBL010C	0	0	0	0	0	0	0	0	0	0	0	0	1	1	-1.81445	0	0	0	0	0
YPR074C	2	2	-0.34366	0.05411	3	5	-0.62802	0.01343	2	3	-1.12432	0.05197	4	4	-1.43038	0.04431	4	5	-1.75827	0.12896
YCL040W	0	0	0	0	1	1	-0.41671	0	0	0	0	0	1	2	-1.73794	0	0	0	0	0
YNL030W	0	0	0	0	0	0	0	0	1	2	-1.246	0	2	3	-1.56019	0.05356	3	3	-1.84376	0.07095
YER178W	1	1	-0.35922	0	0	0	0	0	0	0	0	0	0	0	0	0	0	0	0	0
YGL202W	0	0	0	0	0	0	0	0	0	0	0	0	1	1	-1.43309	0	0	0	0	0
YDR192C	4	6	-0.338	0.03956	3	5	-0.6477	0.02864	3	5	-0.95972	0.03679	3	3	-1.2338	0.03766	2	2	-1.49742	0.00562
YGL030W	1	2	-0.48505	0	1	2	-0.78718	0	1	2	-1.09504	0	1	2	-1.41508	0	0	0	0	0
YDL088C	11	17	-0.29887	0.01554	10	20	-0.37683	0.02124	11	17	-0.41792	0.05896	10	14	-0.43254	0.02772	8	13	-0.4486	0.0578
YGL009C	1	1	-0.2871	0	0	0	0	0	3	3	-1.28929	0.10327	2	2	-1.48542	0.3498	2	2	-0.9309	0.60517
YER177W	3	3	-0.26505	0.02954	1	2	-0.6339	0	1	1	-1.13443	0	4	8	-1.42095	0.18786	2	3	-1.67427	0.02857
YMR258C	0	0	0	0	0	0	0	0	0	0	0	0	1	1	-0.06039	0	0	0	0	0
YHR128W	2	2	-0.37338	0.00315	2	3	-0.76233	0.00473	1	1	-1.18252	0	1	1	-1.30351	0	2	2	-1.49306	0.0137
YOR117W	2	2	-0.37353	0.09216	0	0	0	0	0	0	0	0	1	2	-1.20852	0	0	0	0	0
YPR035W	0	0	0	0	0	0	0	0	0	0	0	0	0	0	0	0	1	1	-1.01921	0
YPL004C	0	0	0	0	1	1	-0.79905	0	0	0	0	0	0	0	0	0	0	0	0	0
YNL104C	0	0	0	0	0	0	0	0	0	0	0	0	1	1	-1.72808	0	0	0	0	0
YGL123W	7	15	-0.38374	0.04478	11	22	-0.77103	0.0468	7	12	-1.12669	0.11096	10	14	-1.423	0.12269	6	10	-1.61866	0.01921
YJR139C	0	0	0	0	0	0	0	0	0	0	0	0	2	2	-1.56731	0.06125	0	0	0	0
YAL005C	2	4	-0.20672	0.10252	2	7	-0.5946	0.0229	4	7	-1.07453	0.05258	5	13	-1.63961	0.15692	4	6	-1.74124	0.174
YDL191W	2	3	-0.3624	0.01462	3	6	-0.74519	0.06866	2	4	-1.14043	0.01857	2	2	-1.52504	0.0303	3	5	-1.71273	0.03208
YKL172W	1	1	-0.79405	0	1	1	-1.55477	0	0	0	0	0	0	0	0	0	0	0	0	0
YOR096W	4	6	-0.36624	0.03201	4	12	-0.79636	0.09338	2	2	-1.19833	0.01427	5	9	-1.56247	0.10278	2	3	-1.57942	0.00157
YDR226W	0	0	0	0	0	0	0	0	0	0	0	0	1	1	-1.27376	0	0	0	0	0
YPR163C	0	0	0	0	0	0	0	0	0	0	0	0	1	1	-1.67552	0	0	0	0	0
YKL081W	1	1	-0.36478	0	3	5	-0.71711	0.04268	2	3	-1.07452	0.00304	3	4	-1.58081	0.04863	2	3	-1.56192	0.09814
YCL043C	0	0	0	0	0	0	0	0	1	1	-1.13197	0	4	4	-1.65982	0.09911	2	2	-1.64371	0.01505
YDL097C	1	1	-0.22808	0	1	1	-0.36017	0	1	2	-0.72653	0	1	1	-0.26419	0	1	1	-0.50451	0
YJL041W	34	76	-0.21888	0.04072	34	79	-0.28611	0.04187	34	75	-0.31173	0.03182	32	83	-0.35834	0.06008	30	69	-0.36623	0.05974
YDL149W	0	0	0	0	0	0	0	0	1	1	-3.13439	0	1	1	-2.69714	0	0	0	0	0
YNL069C	5	7	-0.64954	0.52224	4	7	-0.99423	0.36485	3	6	-1.20939	0.05645	4	8	-1.38039	0.23205	3	9	-1.83712	0.18629
YOL121C	2	3	-0.38715	0.0334	3	4	-0.76127	0.03512	2	3	-1.17381	0.0057	1	3	-1.49062	0	0	0	0	0
YML031W	4	7	-0.33953	0.02026	4	6	-0.67994	0.08152	1	2	-1.02446	0	2	3	-1.30276	0.00615	2	4	-1.59231	0.08072
YOR310C	2	2	-0.46009	0.02231	4	5	-0.85896	0.07134	2	3	-1.26508	0.10831	3	6	-1.41993	0.11381	3	4	-1.65122	0.19007
YGR231C	0	0	0	0	0	0	0	0	0	0	0	0	1	1	-2.16804	0	0	0	0	0
YOR317W	3	3	-0.20252	0.05758	2	2	-0.52008	0.041	1	1	-0.88676	0	3	3	-1.51991	0.16389	2	2	-1.64902	0.04514
YPR108W	0	0	0	0	1	1	-0.36388	0	0	0	0	0	2	3	-0.98712	0.03859	0	0	0	0
YNL189W	7	20	-0.34463	0.0295	7	22	-0.71318	0.01754	7	16	-1.15704	0.04501	5	8	-1.50913	0.057	6	10	-1.68571	0.15389
YGL026C	3	3	-0.31866	0.07512	3	4	-0.71874	0.10063	2	2	-1.06554	0.04619	3	3	-1.61358	0.11518	5	5	-1.54495	0.13716
YNL225C	1	1	-0.09798	0	1	1	-0.61342	0	0	0	0	0	0	0	0	0	0	0	0	0
YOR136W	2	2	-0.21912	0.04232	2	3	-0.65066	0.09028	1	1	-1.02532	0	1	1	-1.77297	0	1	1	-1.86901	0
YHR174W	11	25	-0.29815	0.02896	10	34	-0.65076	0.02936	10	27	-1.09428	0.04873	17	52	-1.59037	0.07313	11	31	-1.72945	0.23529
YOR167C	0	0	0	0	0	0	0	0	0	0	0	0	0	0	0	0	1	1	-0.18345	0
YER107C	5	11	-0.23487	0.02355	6	15	-0.51938	0.03032	5	15	-0.77114	0.03053	5	13	-1.07392	0.0575	6	20	-1.19343	0.09683
YJL052W	1	1	-0.4099	0	1	2	-0.64434	0	0	0	0	0	2	2	-2.08714	0.28666	6	6	-1.84669	0.62161
YJR042W	22	51	-0.16751	0.02581	18	49	-0.19724	0.01752	17	45	-0.22147	0.01768	16	37	-0.26968	0.02735	13	27	-0.3087	0.02174
YKR095W	27	33	-0.29332	0.17899	22	27	-0.44097	0.08473	13	15	-0.57157	0.09683	20	31	-0.65565	0.07698	23	31	-0.72826	0.10882
YKL042W	3	4	-0.33746	0.02099	2	3	-0.73116	0.02514	0	0	0	0	1	1	-1.02134	0	0	0	0	0
YDR064W	5	14	-0.38685	0.02425	5	19	-0.74787	0.03636	3	12	-1.20263	0.0595	5	13	-1.4965	0.07084	3	8	-1.63076	0.04197
YGL206C	2	2	-0.4085	0.15688	1	1	-0.69834	0	0	0	0	0	3	3	-1.24854	0.46273	2	2	-1.00814	0.21342
YMR143W	2	4	-0.39571	0.02667	5	6	-0.75595	0.03419	3	5	-1.21074	0.05797	3	4	-1.52023	0.05861	5	8	-1.60197	0.05395
YAL012W	0	0	0	0	2	2	-0.67809	0.00862	2	2	-1.10766	0.1035	3	3	-1.52905	0.12226	1	1	-1.7534	0
YIL033C	0	0	0	0	0	0	0	0	1	1	-1.14653	0	0	0	0	0	0	0	0	0
YLR029C	2	3	-0.4379	0.00016	3	5	-0.84861	0.01479	3	5	-1.2673	0.02187	2	4	-1.48128	0.02866	3	5	-1.67298	0.0751
YKL057C	20	38	-0.1585	0.02038	18	32	-0.19147	0.04358	14	24	-0.20666	0.02151	12	27	-0.2557	0.01689	17	35	-0.2877	0.04077
YNL064C	3	5	-0.59563	0.28051	3	5	-0.90663	0.11077	3	5	-1.19689	0.61928	4	5	-1.44414	0.75357	4	4	-1.20462	0.49175
YGL100W	8	10	-0.09846	0.12531	8	11	-0.07418	0.00338	7	10	-0.09767	0.01263	9	13	-0.1538	0.01567	11	15	-0.19533	0.01796
YPL079W	1	1	-0.39107	0	2	3	-1.13805	0.49623	1	1	-0.81767	0	0	0	0	0	0	0	0	0
YPR036W	1	1	-0.60576	0	0	0	0	0	0	0	0	0	0	0	0	0	0	0	0	0
YBR221C	3	3	-0.49104	0.12081	2	6	-0.77524	0.02863	1	2	-1.24588	0	2	2	-1.63487	0.01133	2	3	-1.69228	0.10935
YOR204W	4	7	-0.49799	0.03339	4	8	-0.8369	0.04703	4	5	-1.26695	0.15432	3	5	-1.50338	0.06858	5	7	-1.70514	0.14378
YBR143C	0	0	0	0	3	3	-1.16744	0.22114	0	0	0	0	2	4	-1.29708	0.26168	0	0	0	0
YBL076C	2	2	-0.4039	0.01272	5	5	-0.78152	0.15274	2	2	-0.76646	0.20308	3	3	-1.71074	0.14796	2	2	-1.74552	0.13226
YFR002W	31	58	-0.29421	0.04762	25	47	-0.34666	0.02682	28	53	-0.36537	0.02662	25	50	-0.39204	0.04234	28	55	-0.39887	0.0312
YDR023W	1	1	-0.46393	0	0	0	0	0	1	1	-1.18855	0	2	2	-1.47528	0.1143	1	1	-1.48173	0
YAR015W	0	0	0	0	0	0	0	0	0	0	0	0	2	2	-1.51752	0.09003	0	0	0	0
YHL033C	1	1	-0.50751	0	1	2	-0.72676	0	1	1	-1.46501	0	2	2	-1.71389	0.16793	1	1	-1.6739	0
YFL045C	4	5	-0.36598	0.02165	4	10	-0.66873	0.02426	3	5	-1.13362	0.01329	4	8	-1.52796	0.05823	4	6	-1.47481	0.56401
YPL143W	4	6	-0.40179	0.0224	3	6	-0.79563	0.01136	3	6	-1.21568	0.09336	3	5	-1.46479	0.04168	4	6	-1.64477	0.02264
YMR229C	0	0	0	0	1	1	-1.10954	0	0	0	0	0	0	0	0	0	1	1	-1.1416	0
YCL028W	1	1	-0.28704	0	2	2	-0.75505	0.04885	2	3	-1.16694	0.03754	2	3	-1.7543	0.1391	3	5	-1.59576	0.2484
YDR356W	2	2	-0.3915	7e-05	4	4	-0.64229	0.29693	0	0	0	0	0	0	0	0	0	0	0	0
YOR128C	1	1	-0.63345	0	0	0	0	0	0	0	0	0	0	0	0	0	0	0	0	0
YGR254W	4	7	-0.24408	0.02118	5	10	-0.50861	0.02048	4	11	-0.97902	0.04909	7	13	-1.82441	0.06297	6	11	-2.14365	0.04517
YGL256W	0	0	0	0	0	0	0	0	0	0	0	0	3	3	-1.92744	0.23114	2	2	-2.0381	0.29033
YDL075W	1	1	-0.44981	0	3	4	-0.76948	0.10408	1	1	-1.05981	0	0	0	0	0	1	2	-1.59119	0
YPL125W	1	1	-0.38008	0	1	1	-0.64113	0	2	2	-1.21729	0.15373	1	1	-1.21999	0	2	2	-1.97727	0.03122
YGL234W	6	6	-0.29233	0.06042	5	7	-0.55684	0.03848	3	4	-0.79375	0.03929	6	7	-1.45813	0.14541	6	7	-1.99065	0.26312
YDR172W	0	0	0	0	1	1	-0.77557	0	0	0	0	0	1	2	-0.7678	0	0	0	0	0
YDR427W	0	0	0	0	1	1	-0.52351	0	0	0	0	0	1	1	-1.39494	0	0	0	0	0
YAL038W	14	29	-0.30864	0.02434	15	32	-0.68194	0.04424	15	33	-1.12968	0.08133	17	35	-1.5214	0.06277	18	34	-1.73449	0.11472
YIL133C	2	2	-0.4715	0.01432	2	2	-0.80692	0.04995	3	4	-1.21695	0.06199	1	1	-1.40138	0	5	5	-1.62366	0.5131
YIL018W	3	3	-0.46979	0.02632	3	6	-0.82992	0.03209	1	1	-1.13073	0	6	9	-1.55025	0.07206	3	4	-1.63648	0.0935
YCR028C-A	1	1	-0.36744	0	1	1	-0.78403	0	0	0	0	0	0	0	0	0	0	0	0	0
YNL096C	6	8	-0.42774	0.09304	6	10	-0.80186	0.03245	5	9	-1.134	0.04653	7	9	-1.35528	0.19322	7	10	-1.47043	0.22269
YLR109W	0	0	0	0	0	0	0	0	0	0	0	0	0	0	0	0	2	2	-1.51996	0.32256
YFL005W	0	0	0	0	0	0	0	0	2	2	-0.59987	0.20746	0	0	0	0	1	1	-0.55327	0
YGR192C	19	41	-0.24609	0.05189	18	60	-0.62629	0.04291	15	55	-1.08285	0.05665	19	58	-1.50437	0.13935	17	45	-1.721	0.0972
YJL026W	0	0	0	0	0	0	0	0	0	0	0	0	1	1	-1.49735	0	0	0	0	0
YJR016C	0	0	0	0	0	0	0	0	0	0	0	0	1	1	-1.93471	0	0	0	0	0
YKL054C	0	0	0	0	2	3	-0.8492	0.13611	1	2	-1.12463	0	3	3	-1.27862	0.26912	0	0	0	0
YPL220W	0	0	0	0	2	3	-0.77859	0.13673	1	1	-0.98183	0	2	2	-1.32946	0.10944	0	0	0	0
YFL037W	0	0	0	0	0	0	0	0	1	1	-1.40372	0	0	0	0	0	0	0	0	0
YLR335W	35	82	-0.37507	0.05	36	91	-0.75101	0.04671	30	72	-1.1761	0.04492	29	61	-1.55728	0.08408	26	42	-1.74946	0.24364
YLL026W	1	1	-1.06736	0	1	1	-1.40148	0	0	0	0	0	5	6	-1.65812	0.24704	2	2	-1.34426	0.27238
YNL161W	4	5	-0.36673	0.03443	3	4	-0.77656	0.06721	2	3	-1.25758	0.05532	1	1	-1.61123	0	0	0	0	0
YKL205W	1	2	-0.41108	0	0	0	0	0	0	0	0	0	0	0	0	0	0	0	0	0
YER055C	0	0	0	0	1	1	-0.56179	0	1	1	-1.26115	0	1	1	-1.51044	0	1	1	-1.84408	0
YHL015W	6	11	-0.39824	0.01877	6	8	-0.74276	0.04707	7	9	-1.19124	0.03351	7	12	-1.51382	0.08806	7	14	-1.59281	0.12161
YMR219W	1	1	-0.26366	0	2	3	-0.52223	0.02878	2	2	-0.94652	0.03735	4	4	-1.15458	0.09009	2	2	-1.45574	0.08085
YOR007C	0	0	0	0	0	0	0	0	0	0	0	0	1	1	-1.44222	0	0	0	0	0
YHR027C	2	2	-0.13254	0.00088	2	2	-0.3875	0.0129	2	2	-0.68252	0.03585	2	2	-1.10439	0.01015	2	2	-1.16948	0.12388
YML085C	0	0	0	0	2	3	-0.66526	0.05012	1	1	-1.08433	0	1	1	-1.4877	0	1	1	-1.40021	0
YMR108W	2	2	-0.35289	0.06056	3	5	-0.78565	0.13476	3	4	-1.24453	0.24253	5	7	-1.4446	0.1089	3	3	-1.7117	0.06362
YKR059W	3	3	-0.41682	0.0473	5	7	-0.77145	0.02772	3	3	-1.20473	0.03642	4	7	-1.44702	0.18416	3	4	-1.5911	0.08867
YOR270C	6	9	-0.25439	0.02344	10	16	-0.59498	0.04912	10	18	-0.99594	0.04841	11	21	-1.35785	0.0955	10	17	-1.62549	0.1274
YKL152C	5	7	-0.26089	0.02462	4	8	-0.65809	0.01669	8	14	-1.10296	0.03019	11	20	-1.4646	0.38455	8	11	-1.7635	0.05181
YMR314W	0	0	0	0	0	0	0	0	0	0	0	0	1	1	-1.04571	0	0	0	0	0
YOL127W	2	4	-0.4311	0.02907	3	8	-0.78518	0.03234	4	7	-1.16042	0.03187	4	7	-1.41527	0.11474	4	7	-1.59903	0.13133
YPL249C-A	1	1	-0.45946	0	1	1	-0.77248	0	1	1	-1.23552	0	1	1	-1.47231	0	1	1	-1.59469	0
YLR180W	5	7	-0.32717	0.02015	7	12	-0.6757	0.07647	4	8	-1.02662	0.11745	5	7	-1.44536	0.11446	5	6	-1.60088	0.16767
YKL156W	1	1	-0.41283	0	0	0	0	0	0	0	0	0	0	0	0	0	0	0	0	0
YNL071W	2	4	-0.25678	0.02387	4	5	-0.67287	0.12182	2	3	-1.01361	0.03997	2	3	-1.57742	0.2707	1	1	-1.8991	0
YGR148C	1	1	-0.35618	0	1	2	-0.84513	0	0	0	0	0	1	1	-1.5098	0	1	1	-1.82567	0
YJL167W	1	1	-0.60697	0	0	0	0	0	0	0	0	0	0	0	0	0	1	1	-1.71915	0
YDL116W	23	37	-0.06192	0.0647	22	42	-0.05405	0.02459	19	34	-0.0752	0.01269	19	36	-0.13188	0.03962	15	30	-0.15272	0.01307
YLR325C	1	1	-0.49372	0	2	3	-0.87656	0.04907	1	2	-1.11469	0	0	0	0	0	2	2	-1.57964	0.16131
YNL178W	7	11	-0.39606	0.02374	8	22	-0.77711	0.01229	8	17	-1.17879	0.06038	8	15	-1.43595	0.07297	8	14	-1.43275	0.44985
YGR034W	6	9	-0.39072	0.01377	5	10	-0.80816	0.04855	3	6	-1.19903	0.0735	5	11	-1.43717	0.05974	4	7	-1.41828	0.35105
YDR037W	0	0	0	0	1	1	-0.53317	0	1	1	-0.85854	0	0	0	0	0	0	0	0	0
YDR395W	9	11	-0.3871	0.01559	7	9	-0.71892	0.0415	6	8	-1.08185	0.07453	4	4	-1.48744	0.16525	4	4	-1.47996	0.26608
YBR106W	0	0	0	0	1	1	-0.68952	0	0	0	0	0	0	0	0	0	1	1	-1.79544	0
YLR153C	0	0	0	0	1	1	-0.87589	0	0	0	0	0	1	1	-1.30337	0	0	0	0	0
YLR018C	6	8	-0.21965	0.02617	3	6	-0.2927	0.01545	4	8	-0.3261	0.04929	6	7	-0.37919	0.00798	5	6	-0.38326	0.03264
YHR020W	0	0	0	0	2	2	-0.80916	0.03864	0	0	0	0	1	1	-1.2474	0	0	0	0	0
YEL071W	1	1	-0.39671	0	1	1	-0.75802	0	0	0	0	0	0	0	0	0	0	0	0	0
YDL160C	1	1	-0.15606	0	0	0	0	0	0	0	0	0	0	0	0	0	0	0	0	0
YHR064C	2	3	-0.54259	0.09918	2	3	-0.93	0.15664	0	0	0	0	1	2	-1.39679	0	1	1	-1.63196	0
YPR043W	1	2	-0.48134	0	0	0	0	0	0	0	0	0	0	0	0	0	0	0	0	0
YAL003W	0	0	0	0	1	1	-0.81289	0	1	1	-1.1567	0	1	1	-1.29192	0	1	1	-1.55436	0
YHR019C	0	0	0	0	0	0	0	0	0	0	0	0	1	2	-1.69221	0	1	1	-1.62498	0
YGR234W	3	3	-0.55889	0.02795	4	7	-0.89086	0.06202	3	3	-1.33052	0.13926	3	5	-1.6689	0.04958	0	0	0	0
YLL024C	19	29	-0.24583	0.07841	19	47	-0.67731	0.07973	16	31	-1.16114	0.08123	20	46	-1.51369	0.15936	19	33	-1.60449	0.18247
YDR158W	1	1	-0.31169	0	1	1	-0.73187	0	1	1	-1.05807	0	1	1	-1.62517	0	1	1	-1.69856	0
YLR340W	4	7	-0.40815	0.02864	4	7	-0.7797	0.03268	4	7	-1.12967	0.04373	3	8	-1.48131	0.02079	4	7	-1.40168	0.19149
YML073C	2	2	-0.36498	0.02708	2	2	-0.8346	0.023	1	1	-1.10664	0	2	2	-1.30612	0.06262	2	2	-1.58652	0.35793
YGL122C	0	0	0	0	0	0	0	0	0	0	0	0	0	0	0	0	1	2	-1.37445	0
YER105C	37	64	-0.28974	0.05007	35	57	-0.35493	0.0401	24	45	-0.37603	0.05019	26	45	-0.43447	0.0586	28	50	-0.42883	0.04574
YAR002W	28	64	-0.39899	0.03782	28	76	-0.77888	0.05769	25	55	-1.20013	0.10546	25	51	-1.59626	0.12542	17	30	-1.84588	0.14561
YGL105W	0	0	0	0	0	0	0	0	0	0	0	0	1	1	-1.65174	0	0	0	0	0
YGL037C	0	0	0	0	0	0	0	0	0	0	0	0	2	2	-1.35218	0.10859	1	1	-1.57405	0
YOL139C	3	3	-0.37968	0.01199	4	6	-0.74916	0.03077	4	4	-1.13389	0.09136	4	5	-1.37526	0.04896	4	4	-1.64971	0.17543
YPR183W	1	2	-0.32818	0	1	1	-0.68102	0	3	3	-1.14465	0.03408	3	4	-1.5803	0.12983	2	2	-1.97823	0.12205
YBR025C	1	1	-0.28975	0	0	0	0	0	0	0	0	0	2	2	-1.46968	0.18239	1	1	-1.74123	0
YLR208W	17	27	-0.22932	0.05041	14	20	-0.24864	0.04349	13	15	-0.26869	0.04427	11	14	-0.3705	0.1523	14	24	-0.33503	0.02367
YER070W	0	0	0	0	0	0	0	0	1	1	-1.07792	0	1	1	-1.15667	0	1	1	-0.94799	0
YPL020C	5	5	-0.49121	0.18557	5	8	-0.93199	0.04467	3	4	-1.40641	0.06959	5	5	-1.86956	0.42336	4	4	-1.92696	0.47135
YGL008C	9	16	-0.38203	0.02326	12	24	-0.76264	0.03841	8	15	-1.21049	0.01899	10	16	-1.48984	0.05006	10	16	-1.61105	0.08858
YDL055C	1	1	-0.28946	0	3	3	-0.73079	0.08794	2	2	-1.08698	0.00888	2	2	-1.58832	0.14738	1	1	-1.74879	0
YKL060C	6	9	-0.29869	0.051	8	21	-0.67725	0.0329	4	8	-1.084	0.03327	6	12	-1.56194	0.18409	6	12	-1.83419	0.14476
YGR155W	2	2	-0.4571	0.01788	3	4	-0.74393	0.02352	1	2	-1.0825	0	4	5	-1.37836	0.17161	2	2	-1.53066	0.19476
YER120W	1	2	-0.37702	0	4	5	-1.10611	0.6727	1	1	-1.66631	0	1	1	-1.27748	0	0	0	0	0
YGL137W	1	1	-0.5955	0	1	1	-0.79361	0	1	2	-1.10995	0	1	2	-1.62364	0	0	0	0	0
YGR094W	1	1	-0.50401	0	2	3	-0.77522	0.08712	1	1	-1.2842	0	2	2	-1.5186	0.1601	0	0	0	0
YLR448W	2	3	-0.4406	0.06956	3	5	-0.77849	0.04098	3	4	-1.15137	0.06497	4	4	-1.45523	0.11576	4	5	-1.53138	0.10515
YGL148W	1	2	-0.48037	0	0	0	0	0	1	1	-1.23013	0	2	2	-1.51831	0.06235	0	0	0	0
YDR432W	0	0	0	0	0	0	0	0	1	1	-1.07633	0	0	0	0	0	1	1	-1.70105	0
YDL192W	1	1	-0.38107	0	2	3	-0.88897	0.03917	1	2	-1.09521	0	0	0	0	0	2	2	-1.60934	0.19135
YOR257W	1	1	-0.20103	0	2	2	-0.47225	0.06329	0	0	0	0	1	1	-1.13685	0	1	1	-1.36309	0
YLR058C	4	5	-0.2436	0.09298	4	5	-0.39768	0.03021	2	4	-0.74058	0.04339	6	12	-1.49639	0.06971	6	12	-1.84815	0.61399
YKL182W	6	8	-0.34223	0.03372	8	9	-0.69938	0.04375	4	5	-1.2011	0.10666	8	8	-1.4492	0.09891	6	7	-1.5593	0.17805
YER086W	1	1	-0.53598	0	0	0	0	0	0	0	0	0	1	1	-1.34588	0	0	0	0	0
YGR240C	11	12	-0.36125	0.09674	8	18	-0.73362	0.02466	6	9	-1.17188	0.13685	7	14	-1.48393	0.13018	6	7	-1.84903	0.12957
YLL013C	1	1	-0.35794	0	1	1	-0.68131	0	0	0	0	0	0	0	0	0	0	0	0	0
YMR129W	42	83	-0.24101	0.0408	31	66	-0.31052	0.037	28	48	-0.3255	0.04505	31	56	-0.3612	0.07308	36	70	-0.36801	0.05787
YLR342W	1	1	-0.56871	0	1	1	-0.91484	0	1	1	-1.51212	0	0	0	0	0	1	1	-1.72228	0
YOR261C	1	1	-0.23488	0	1	1	-0.44523	0	1	1	-0.78532	0	1	1	-1.05042	0	0	0	0	0
YLR167W	2	4	-0.54493	0.11053	3	5	-0.90325	0.10942	3	5	-1.3277	0.13366	4	7	-1.44501	0.34334	5	6	-1.48817	0.24673
YGL163C	0	0	0	0	0	0	0	0	0	0	0	0	1	1	-0.43984	0	0	0	0	0
YLR027C	0	0	0	0	0	0	0	0	1	1	-0.92474	0	1	1	-1.44244	0	0	0	0	0
YFR004W	2	2	-0.19452	0.06617	0	0	0	0	0	0	0	0	0	0	0	0	0	0	0	0
YBR249C	0	0	0	0	2	3	-0.71102	0.03644	1	2	-0.92326	0	1	1	-1.17805	0	0	0	0	0
YKL145W	0	0	0	0	0	0	0	0	0	0	0	0	1	1	-1.57399	0	0	0	0	0
YGL147C	6	9	-0.43731	0.0077	5	7	-0.80655	0.01905	6	11	-1.20271	0.02943	7	12	-1.47898	0.06571	8	14	-1.68187	0.09604
YEL034W	2	2	-0.36966	0.00889	2	3	-0.6911	0.01695	2	2	-1.21628	0.20566	2	3	-1.54228	0.01631	2	4	-1.64674	0.11698
YJR045C	5	8	-0.23574	0.03991	8	11	-0.68751	0.03864	7	13	-1.23393	0.06091	9	17	-1.72674	0.0612	7	12	-1.88643	0.14067
YNL209W	18	32	-0.45967	0.03023	17	40	-0.79986	0.03378	14	32	-1.14765	0.1157	20	36	-1.43013	0.18698	16	25	-1.56445	0.21763
YMR217W	1	1	-0.46017	0	1	1	-0.83036	0	0	0	0	0	2	2	-1.28374	0.09478	0	0	0	0
YGR061C	0	0	0	0	2	2	-0.66655	0.02465	0	0	0	0	2	2	-1.34374	0.11992	1	1	-1.78819	0
YDR381W	0	0	0	0	0	0	0	0	1	1	-1.24275	0	1	1	-1.28583	0	0	0	0	0
YGR086C	2	4	-0.38856	0.08082	2	3	-0.79785	0.00235	1	1	-1.39784	0	1	1	-1.94292	0	1	1	-1.82773	0
YBL099W	1	1	-0.40119	0	1	1	-0.6691	0	0	0	0	0	2	3	-1.49228	0.10542	0	0	0	0
YER102W	4	8	-0.41848	0.0305	5	8	-0.78347	0.01794	4	7	-1.21168	0.05861	5	7	-1.50857	0.04657	3	4	-1.71824	0.0862
YCR012W	15	22	-0.22111	0.02168	16	27	-0.62296	0.02253	15	28	-1.08776	0.02539	19	35	-1.61699	0.11911	20	36	-1.79597	0.11298
YIL052C	1	1	-0.4031	0	1	1	-0.78795	0	1	1	-1.13549	0	1	1	-1.40956	0	1	1	-1.55309	0
YMR142C	1	1	-0.47287	0	2	2	-0.82481	0.02821	1	1	-1.1623	0	3	6	-1.3201	0.32692	2	4	-1.41415	0.19984
YML024W	6	9	-0.41935	0.05562	7	13	-0.7824	0.04044	6	10	-1.12922	0.03816	6	9	-1.47406	0.03089	7	13	-1.6241	0.10406
YCL030C	1	1	-0.29235	0	1	1	-0.56908	0	1	1	-1.07028	0	2	2	-1.84345	0.17669	3	3	-1.79009	0.29939
YIL075C	0	0	0	0	1	1	-0.53962	0	0	0	0	0	2	3	-0.69089	0.47198	1	1	-1.13731	0
YPL169C	13	34	-0.36578	0.02361	13	38	-0.70139	0.03797	13	28	-1.10435	0.02595	11	27	-1.44666	0.04676	10	24	-1.7307	0.04901
YFL039C	4	4	-0.36503	0.05322	8	13	-0.6858	0.04962	5	6	-1.07136	0.08478	3	3	-1.52648	0.10821	5	6	-1.71561	0.18437
YLL050C	0	0	0	0	2	2	-0.80937	0.22197	2	2	-1.27864	0.06328	1	1	-1.59773	0	0	0	0	0
YJR123W	3	8	-0.42242	0.00435	2	10	-0.79015	0.0117	2	6	-1.18689	0.05348	3	9	-1.57004	0.10159	3	6	-1.64801	0.06907
YGR204W	0	0	0	0	1	1	-0.51901	0	0	0	0	0	0	0	0	0	0	0	0	0
YER165W	4	4	-0.56354	0.09061	7	10	-0.81512	0.06905	4	5	-1.16857	0.15012	9	10	-1.2537	0.40139	4	4	-1.68381	0.19295
YIL002W-A	0	0	0	0	1	1	-0.28712	0	0	0	0	0	1	1	-0.32801	0	0	0	0	0
YOR234C	0	0	0	0	1	2	-0.91926	0	1	2	-1.41927	0	0	0	0	0	1	1	-1.59269	0
YPL028W	0	0	0	0	1	1	-0.6919	0	0	0	0	0	0	0	0	0	1	1	-2.87297	0
YJL034W	1	1	-0.16409	0	3	4	-0.54533	0.09361	2	2	-1.19075	0.13482	7	8	-1.63936	0.21324	5	5	-1.57836	0.57127
YDL145C	0	0	0	0	1	1	-0.77073	0	0	0	0	0	0	0	0	0	1	1	-1.8965	0
YKL186C	2	2	-0.2296	0.00918	2	2	-0.56254	0.00185	3	4	-0.95435	0.05395	1	1	-1.54556	0	1	1	-1.86692	0
YJR022W	0	0	0	0	0	0	0	0	0	0	0	0	1	1	-2.78348	0	0	0	0	0
YPL090C	8	19	-0.39176	0.02876	8	17	-0.77964	0.0085	7	19	-1.16494	0.05284	8	18	-1.52616	0.10912	5	12	-1.55137	0.45889
YGR119C	12	27	-0.16594	0.01675	12	24	-0.23555	0.01944	11	21	-0.26435	0.01565	9	19	-0.29857	0.01037	12	24	-0.29741	0.02368
YER036C	0	0	0	0	1	2	-0.96792	0	1	1	-1.10373	0	2	2	-1.55519	0.14472	0	0	0	0
YFR053C	0	0	0	0	0	0	0	0	0	0	0	0	1	1	-2.03926	0	0	0	0	0
YGL253W	3	4	-0.25093	0.00624	4	6	-0.73356	0.10756	3	7	-1.1312	0.0647	5	9	-1.56035	0.09725	5	6	-1.72966	0.20949
YNL007C	1	1	-0.4372	0	2	4	-0.68861	0.05825	3	4	-1.19605	0.10926	3	3	-1.45165	0.43398	2	2	-1.62477	0.05227
YLR216C	0	0	0	0	0	0	0	0	0	0	0	0	1	1	-1.4688	0	1	1	-1.9227	0
YGL120C	1	1	-0.57044	0	1	1	-0.72573	0	0	0	0	0	2	2	-1.43971	0.02494	1	1	-1.29148	0
YGL245W	2	2	-0.32762	0.05648	5	5	-0.67264	0.11928	2	2	-1.12722	0.03744	3	3	-1.51513	0.02158	2	2	-1.73916	0.02771
YBL030C	1	1	-0.45718	0	1	1	-0.79339	0	2	2	-1.26858	0.07255	1	1	-1.78901	0	2	2	-1.81109	0.10858
YPL235W	0	0	0	0	1	1	-0.93779	0	0	0	0	0	0	0	0	0	0	0	0	0
YOR343W-A	0	0	0	0	0	0	0	0	0	0	0	0	0	0	0	0	1	1	-3.40377	0
YHR010W	2	3	-0.39506	0.03381	3	5	-0.78326	0.01036	3	4	-1.15322	0.02119	3	4	-1.46353	0.02872	5	8	-1.70284	0.17194
YGL062W	0	0	0	0	0	0	0	0	1	1	-1.01018	0	0	0	0	0	0	0	0	0
YIL149C	13	14	-0.3003	0.04694	11	13	-0.48218	0.07638	6	7	-0.58547	0.07025	10	15	-0.68244	0.06137	16	21	-0.79715	0.10496
YPL243W	0	0	0	0	0	0	0	0	0	0	0	0	1	1	-1.298	0	0	0	0	0
YLR175W	1	1	-0.55567	0	2	2	-0.90694	0.03106	0	0	0	0	1	1	-1.29777	0	3	3	-1.65486	0.18179
YML028W	1	2	-0.17105	0	1	2	-0.41983	0	1	2	-0.79806	0	3	4	-1.65216	0.12114	2	3	-1.72956	0.0955
YGL103W	5	9	-0.39221	0.02245	7	10	-0.78552	0.01363	4	7	-1.17672	0.01146	4	8	-1.48032	0.1078	6	12	-1.72091	0.15294
YDL185W	2	2	-1.19282	0.82089	5	7	-0.87924	0.49986	2	3	-1.08217	0.04553	4	6	-1.43945	0.23146	2	4	-1.71784	0.05761
YDR258C	0	0	0	0	0	0	0	0	0	0	0	0	1	2	-1.46922	0	0	0	0	0
YDL014W	0	0	0	0	2	2	-0.71606	0.01452	0	0	0	0	1	1	-1.39289	0	3	5	-1.68855	0.06175
YGL048C	1	1	-0.15433	0	1	1	-0.41235	0	0	0	0	0	1	2	-1.16337	0	1	1	-1.39412	0
YMR153W	13	25	-0.24249	0.02543	11	22	-0.33267	0.03468	8	12	-0.37077	0.03296	11	21	-0.49202	0.07266	8	15	-0.56008	0.07813
YBL079W	35	61	-0.26845	0.02745	37	63	-0.31887	0.03297	18	31	-0.34212	0.0484	27	49	-0.377	0.03748	24	36	-0.38142	0.03301
YNR016C	13	15	-0.39925	0.0486	11	14	-0.77219	0.04141	7	10	-1.23044	0.115	7	8	-1.58835	0.16733	5	5	-1.60426	0.39436
YBR196C	2	2	-0.29478	0.01251	5	10	-0.66423	0.04345	4	8	-0.96683	0.14519	6	11	-1.62942	0.09371	4	8	-1.66349	0.21616
YGL172W	7	12	-0.18024	0.01857	8	14	-0.24709	0.02485	7	12	-0.27305	0.01644	9	18	-0.31106	0.01043	9	18	-0.31371	0.02272
YBR121C	2	2	-0.4	0.05865	1	2	-0.76539	0	0	0	0	0	2	2	-1.48857	0.05244	0	0	0	0
YML026C	3	7	-0.40448	0.01198	3	10	-0.77044	0.07844	3	9	-1.09544	0.17677	4	12	-1.32718	0.2969	3	7	-1.61408	0.02609
YGR175C	0	0	0	0	1	1	-2.09808	0	2	2	-2.1828	0.19925	1	1	-3.73812	0	1	1	-1.75225	0
YOR182C	2	3	-0.37558	0.03945	1	1	-0.8634	0	2	3	-1.24245	0.10064	2	3	-1.68516	0.1371	1	1	-1.96966	0
YMR308C	6	9	-0.46369	0.15102	7	8	-0.69482	0.04766	3	3	-1.11403	0.08438	2	2	-1.48903	0.10723	6	6	-1.66842	0.05632
YPL126W	0	0	0	0	0	0	0	0	1	1	-3.82006	0	1	1	-0.90488	0	0	0	0	0
YER009W	2	8	-0.36344	0.00565	2	7	-0.69131	0.02022	2	4	-1.11214	0.02154	2	4	-1.39624	0.0337	2	3	-1.631	0.04852
YJR070C	1	1	-0.52178	0	1	2	-0.79277	0	0	0	0	0	1	1	-1.41468	0	0	0	0	0
YER043C	7	10	-0.4068	0.02942	6	14	-0.78909	0.02766	5	6	-1.17562	0.03394	8	11	-1.53538	0.08253	7	11	-1.66789	0.02856
YCR031C	5	7	-0.41133	0.0348	5	9	-0.80658	0.07875	6	7	-1.14752	0.18067	5	5	-1.48636	0.14692	2	2	-1.61755	0.00227
YGL238W	7	10	-0.37434	0.01765	8	13	-0.6964	0.01659	5	5	-1.06336	0.05502	4	5	-1.35413	0.21396	3	5	-1.76079	0.16553
YPR069C	0	0	0	0	0	0	0	0	0	0	0	0	0	0	0	0	2	2	-1.05473	0.6554
YLR304C	1	1	-0.20597	0	2	2	-0.67496	0.02022	1	1	-1.44482	0	3	3	-1.64532	0.1099	2	2	-1.96738	0.10534
YOL077C	0	0	0	0	0	0	0	0	1	1	-0.85176	0	1	1	-0.64937	0	1	1	-0.88402	0
YOR312C	6	7	-0.40562	0.04056	5	10	-0.80754	0.05257	2	3	-1.25242	0.07425	7	11	-1.41945	0.18381	3	4	-1.57364	0.05616
YML103C	30	53	-0.23062	0.02111	33	57	-0.29767	0.02882	25	39	-0.31169	0.03283	29	49	-0.34194	0.02387	30	47	-0.34971	0.03687
YOR098C	29	55	-0.45481	0.0301	29	57	-0.78985	0.13036	24	47	-1.13783	0.21476	23	44	-1.44818	0.18216	21	25	-1.67305	0.17014
YML126C	0	0	0	0	0	0	0	0	0	0	0	0	2	2	-1.26352	0.24365	0	0	0	0
YHR208W	0	0	0	0	0	0	0	0	1	1	-1.22983	0	1	1	-1.57822	0	2	2	-1.16792	0.2518
YPR080W	14	27	-0.38767	0.0316	14	33	-0.74242	0.05082	12	22	-1.16213	0.05438	14	32	-1.51057	0.06379	14	26	-1.63257	0.12302
YAL035W	0	0	0	0	1	1	-0.76519	0	0	0	0	0	1	1	-1.31972	0	0	0	0	0
YNL112W	4	5	-0.81938	0.09993	2	4	-0.96151	0.09398	1	1	-1.02109	0	1	1	-0.87117	0	3	3	-1.35742	0.29185
YJL130C	8	9	-0.4989	0.08688	7	9	-0.83547	0.08452	2	2	-1.07132	0.10201	2	2	-1.5347	0.03714	3	3	-1.64552	0.17159
YPL061W	6	8	-0.53312	0.03872	6	12	-0.78989	0.0414	6	8	-1.1736	0.16351	7	8	-1.44437	0.22777	7	8	-1.53091	0.23918
YML063W	9	15	-0.39542	0.03856	9	19	-0.77682	0.04463	7	15	-1.16649	0.04131	6	11	-1.47432	0.04539	7	13	-1.61769	0.10908
YJL189W	1	1	-0.36889	0	1	2	-0.72894	0	1	1	-1.16296	0	0	0	0	0	1	1	-1.50649	0
YDR502C	1	2	-0.23031	0	1	2	-0.60701	0	1	2	-1.09364	0	1	1	-1.53157	0	1	3	-1.51776	0
YDR324C	0	0	0	0	0	0	0	0	0	0	0	0	1	1	-1.11955	0	0	0	0	0
YOR230W	1	1	-0.23081	0	1	1	-0.49703	0	1	1	-1.00951	0	2	3	-1.6436	0.05415	0	0	0	0
YIL053W	3	5	-0.43193	0.14029	3	6	-0.7417	0.0299	4	6	-1.12814	0.05936	6	9	-1.61733	0.13258	2	3	-1.71795	0.11272
YLR354C	2	2	-0.36392	0.04042	0	0	0	0	1	2	-1.23965	0	3	3	-1.81814	0.38449	0	0	0	0
YGL078C	0	0	0	0	1	1	-0.89693	0	1	1	-1.27393	0	0	0	0	0	0	0	0	0
YOL120C	1	1	-0.4355	0	1	3	-0.78801	0	0	0	0	0	0	0	0	0	1	3	-1.53888	0
YLR441C	4	7	-0.40776	0.02119	3	5	-0.80498	0.01151	3	7	-1.2619	0.05052	3	6	-1.52963	0.03269	2	3	-1.65433	0.03853
YKL006W	1	1	-0.42015	0	1	2	-0.83345	0	1	1	-0.93001	0	1	1	-1.40905	0	1	1	-1.9537	0
YLR333C	2	2	-0.40932	0.02213	4	10	-0.77688	0.08453	4	9	-1.18401	0.13445	4	7	-1.49857	0.08201	2	7	-1.59851	0.08482
YPL218W	1	1	-0.24892	0	0	0	0	0	0	0	0	0	0	0	0	0	0	0	0	0
YKL180W	5	13	-0.40077	0.01565	5	15	-0.79163	0.05415	4	11	-1.25622	0.10472	4	13	-1.51936	0.05044	4	16	-1.64916	0.16457
YPR145W	1	1	-0.2766	0	0	0	0	0	0	0	0	0	1	1	-0.82671	0	0	0	0	0
YMR186W	7	10	-0.24565	0.02674	10	17	-0.66502	0.03593	10	14	-1.05804	0.19688	13	19	-1.53626	0.12931	13	15	-1.50499	0.3428
YMR189W	0	0	0	0	0	0	0	0	0	0	0	0	0	0	0	0	2	2	-0.99198	0.6747
YOR063W	13	24	-0.38316	0.02856	14	40	-0.75641	0.06125	14	44	-1.14503	0.06012	16	38	-1.44957	0.06468	15	38	-1.64991	0.08272
YLR367W	3	5	-0.41559	0.0159	3	7	-0.77017	0.03337	2	4	-1.17746	0.05233	2	7	-1.44076	0.02825	2	3	-1.69543	0.03502
YPR132W	2	3	-0.42915	0.00577	3	4	-0.8243	0.00393	1	1	-1.19903	0	4	5	-1.46536	0.02714	4	5	-1.61018	0.03102
YHR193C	1	2	-0.41154	0	2	4	-0.82112	0.06021	1	1	-1.06235	0	1	3	-1.67942	0	1	1	-1.44534	0
YGL195W	2	2	-0.7279	0.44202	0	0	0	0	0	0	0	0	1	1	-4.88074	0	0	0	0	0
YLR259C	7	11	-0.2351	0.1153	9	17	-0.58154	0.11022	9	16	-1.08607	0.10519	15	24	-1.48267	0.23758	10	15	-1.58707	0.21298
YGR218W	3	5	-0.33091	0.01745	4	6	-0.58827	0.03902	2	4	-1.0287	0.05245	3	4	-1.47536	0.21189	1	1	-1.42558	0
YPR191W	0	0	0	0	0	0	0	0	2	4	-2.82346	2.03388	0	0	0	0	1	4	-6.90308	0
YHL011C	1	1	-0.39084	0	0	0	0	0	0	0	0	0	0	0	0	0	0	0	0	0
YOR335C	0	0	0	0	0	0	0	0	0	0	0	0	1	1	-1.02835	0	0	0	0	0
YGR157W	2	2	-0.39455	0.08681	1	1	-0.61172	0	0	0	0	0	0	0	0	0	0	0	0	0
YOL058W	3	3	-0.19786	0.0486	1	3	-0.64516	0	0	0	0	0	3	4	-1.39647	0.07201	0	0	0	0
YBR189W	1	2	-0.43825	0	2	3	-0.76846	0.04597	1	2	-1.21348	0	2	4	-1.46821	0.00361	1	3	-1.64905	0
YIL069C	6	7	-0.42393	0.03553	6	9	-0.80824	0.02247	6	8	-1.17196	0.01892	7	11	-1.4653	0.03927	6	11	-1.77071	0.27718
YMR300C	0	0	0	0	0	0	0	0	0	0	0	0	0	0	0	0	1	1	-1.90555	0
YMR116C	4	9	-0.40583	0.02025	6	14	-0.79886	0.02665	4	10	-1.19934	0.03419	5	9	-1.38966	0.27209	3	8	-1.50392	0.39316
YLR075W	9	16	-0.38498	0.02171	7	20	-0.8018	0.02681	7	14	-1.23784	0.05673	6	15	-1.53771	0.05441	6	11	-1.71309	0.05148
YLR249W	10	16	-0.50076	0.02855	10	19	-0.83278	0.04413	8	15	-1.19603	0.03781	9	12	-1.56197	0.13641	7	11	-1.59387	0.07948
YML074C	1	1	-1.08063	0	0	0	0	0	0	0	0	0	2	2	-1.56406	0.08751	0	0	0	0
YLR344W	0	0	0	0	0	0	0	0	1	1	-0.78739	0	1	1	-1.00969	0	1	1	-1.14063	0
YER069W	0	0	0	0	1	2	-0.99335	0	2	2	-1.01	0.08709	0	0	0	0	0	0	0	0
YDL022W	0	0	0	0	1	4	-0.4605	0	0	0	0	0	0	0	0	0	0	0	0	0
YDR159W	4	4	-0.55946	0.14357	7	9	-0.82328	0.11453	4	4	-1.19944	0.07523	4	6	-1.50304	0.05588	6	7	-1.78623	0.22602
YBR011C	3	3	-0.35624	0.04009	1	1	-0.55015	0	1	1	-0.99634	0	4	6	-1.5107	0.04975	2	2	-1.46504	0.05125
YDR225W	0	0	0	0	1	2	-0.80793	0	0	0	0	0	1	1	-1.34378	0	2	2	-1.1383	0.46636
YBR127C	1	1	-0.31706	0	1	2	-0.87454	0	1	1	-1.19853	0	3	4	-1.60242	0.12696	1	1	-1.60421	0
YLR359W	0	0	0	0	0	0	0	0	0	0	0	0	3	3	-1.39961	0.04783	0	0	0	0
YDR335W	1	1	-0.30448	0	3	3	-0.7401	0.25738	0	0	0	0	1	1	-1.54133	0	0	0	0	0
YLR355C	5	6	-0.43282	0.04244	8	14	-0.83735	0.05181	4	6	-1.17841	0.12092	7	7	-1.60523	0.10584	7	9	-1.81024	0.28002
YER117W	1	2	-0.38993	0	2	3	-0.8244	0.03479	3	5	-1.17877	0.02508	2	3	-1.46514	0.01585	3	4	-1.62077	0.0143
YDL143W	2	2	-0.4305	0.06935	1	1	-0.80261	0	0	0	0	0	0	0	0	0	0	0	0	0
YBL039C	2	2	-0.49043	0.08038	1	1	-0.94575	0	0	0	0	0	0	0	0	0	1	1	-1.20926	0
YDR025W	6	10	-0.3842	0.02149	5	13	-0.77116	0.02496	4	9	-1.2143	0.06359	6	8	-1.4749	0.0272	3	8	-1.61674	0.07464
YDR012W	1	2	-0.37266	0	1	4	-0.77244	0	1	4	-1.23317	0	2	3	-1.53928	0.02062	1	2	-1.78736	0
YPL210C	0	0	0	0	0	0	0	0	0	0	0	0	0	0	0	0	1	1	-1.56194	0
YBR079C	1	1	-0.44471	0	2	2	-0.82796	0.13308	0	0	0	0	4	4	-1.00622	0.37109	1	1	-0.47546	0
YEL054C	2	3	-0.55922	0.07705	3	4	-0.81955	0.02281	2	3	-1.20208	0.01731	2	3	-1.47486	0.00753	2	2	-1.59532	0.01279
YIL078W	0	0	0	0	2	3	-0.8712	0.04399	2	2	-1.58745	0.2387	1	1	-1.73148	0	0	0	0	0
YJR145C	6	8	-0.44979	0.05964	7	11	-0.88108	0.04311	5	10	-1.28664	0.09868	6	9	-1.53478	0.0202	8	12	-1.67148	0.07978
YPL106C	3	4	-0.39378	0.05515	9	14	-0.6904	0.03485	6	8	-1.11263	0.25028	8	9	-1.50055	0.14116	7	9	-1.52164	0.29145
YGL076C	8	10	-0.4511	0.03732	7	11	-0.83405	0.03664	7	9	-1.19772	0.07306	5	8	-1.38783	0.23521	9	10	-1.63844	0.0527
YLL040C	0	0	0	0	0	0	0	0	0	0	0	0	1	1	-1.52097	0	0	0	0	0
YJL061W	15	24	-0.19139	0.03597	11	22	-0.25157	0.03049	13	20	-0.30421	0.03648	11	21	-0.36403	0.04646	13	25	-0.36045	0.03316
YER091C	7	8	-0.30108	0.05022	5	10	-0.64918	0.02977	5	5	-0.97376	0.09551	12	19	-1.47049	0.31491	8	8	-1.62538	0.12663
YBR031W	12	31	-0.39482	0.02484	10	34	-0.77921	0.0237	11	34	-1.14829	0.10782	13	34	-1.43772	0.12206	11	25	-1.629	0.15765
YBR275C	0	0	0	0	0	0	0	0	0	0	0	0	2	2	-1.42702	0.01045	0	0	0	0
YGL031C	4	6	-0.40323	0.02783	5	11	-0.81092	0.016	3	7	-1.21563	0.0173	4	9	-1.49914	0.07031	3	8	-1.70407	0.06719
YKR001C	0	0	0	0	1	1	-0.40167	0	0	0	0	0	0	0	0	0	0	0	0	0
YJL039C	32	63	-0.23391	0.02839	33	58	-0.29453	0.05154	24	33	-0.3183	0.02856	24	42	-0.34521	0.05046	24	40	-0.3417	0.03032
YKL068W	13	18	-0.34151	0.04371	14	27	-0.5292	0.06764	13	19	-0.6541	0.07378	9	17	-0.73408	0.08398	11	15	-0.80669	0.14341
YCL037C	0	0	0	0	1	1	-0.88263	0	0	0	0	0	0	0	0	0	0	0	0	0
YGR103W	0	0	0	0	1	1	-0.78688	0	1	1	-1.12776	0	0	0	0	0	0	0	0	0
YBR191W	7	13	-0.39326	0.03258	6	13	-0.82432	0.05057	6	10	-1.20796	0.04849	6	13	-1.49584	0.04464	7	12	-1.68675	0.08385
YJL080C	0	0	0	0	0	0	0	0	1	1	-0.8642	0	1	1	-1.54052	0	0	0	0	0
YJL014W	1	1	-0.30698	0	0	0	0	0	0	0	0	0	0	0	0	0	0	0	0	0
YPL231W	5	5	-0.35909	0.04239	7	9	-0.66958	0.08616	4	5	-1.08332	0.09872	10	12	-1.42711	0.24995	8	9	-1.5456	0.3331
YOR133W	16	22	-0.41118	0.02818	21	38	-0.80346	0.06072	18	22	-1.17208	0.07394	16	28	-1.44952	0.14493	18	24	-1.58008	0.30462
YJL008C	0	0	0	0	0	0	0	0	1	1	-1.45953	0	1	1	-1.53339	0	0	0	0	0
YLR197W	3	3	-0.55117	0.0298	8	13	-0.86852	0.11915	6	9	-1.12086	0.09033	8	11	-1.38494	0.06137	6	7	-1.52784	0.0859
YMR047C	18	34	-0.32589	0.04304	15	35	-0.61356	0.04141	14	29	-0.9241	0.03488	15	39	-1.18038	0.05313	15	32	-1.38499	0.0678
YOR373W	1	1	-0.32858	0	1	1	-0.97795	0	1	1	-1.49907	0	0	0	0	0	0	0	0	0
YBR084C-A	7	13	-0.36915	0.07444	7	13	-0.78618	0.04239	8	15	-1.18198	0.07611	4	8	-1.49596	0.04918	9	16	-1.62044	0.07656
YDR050C	6	8	-0.29589	0.03869	7	14	-0.7038	0.06651	4	7	-1.15369	0.03806	6	12	-1.61251	0.03608	5	8	-1.74017	0.05772
YJR121W	3	4	-0.40073	0.07097	3	5	-0.72541	0.06884	3	3	-1.00799	0.07733	3	3	-1.58829	0.0711	3	3	-1.77686	0.01773
YDR261C-D	2	3	-0.34017	0.13707	2	2	-0.517	0.02521	3	4	-1.13916	0.53285	1	1	-1.52058	0	1	1	-1.33819	0
YPL131W	1	1	-0.42925	0	1	2	-0.8421	0	1	2	-1.27176	0	1	2	-1.45329	0	2	2	-1.79342	0.05312
YLR347C	16	47	-0.36251	0.04447	18	59	-0.71947	0.05592	12	28	-1.07302	0.08506	14	38	-1.49301	0.10396	15	30	-1.63527	0.18472
YGR202C	1	1	-0.24881	0	0	0	0	0	0	0	0	0	0	0	0	0	0	0	0	0
YPR102C	2	5	-0.84386	0.60482	3	6	-1.09451	0.81215	1	5	-1.20687	0	3	5	-1.37945	0.60838	2	6	-1.90496	0.49466
YLR293C	4	6	-0.40629	0.0219	3	5	-0.72297	0.01634	1	1	-1.05848	0	3	3	-1.47227	0.02767	2	2	-1.58298	0.07965
YER110C	15	24	-0.47269	0.02346	14	26	-0.77442	0.04261	11	20	-1.15904	0.0854	11	16	-1.4354	0.07988	9	10	-1.54108	0.11936
YML012W	1	1	-0.27073	0	2	2	-0.55798	0.07311	0	0	0	0	0	0	0	0	0	0	0	0
YJL109C	0	0	0	0	0	0	0	0	0	0	0	0	0	0	0	0	1	1	-1.52315	0
YEL026W	1	1	-0.49051	0	1	2	-0.92582	0	0	0	0	0	1	1	-1.35388	0	1	1	-1.56993	0
YLR150W	1	1	-0.47641	0	2	4	-0.85836	0.02371	3	6	-1.3062	0.03304	2	5	-1.69679	0.00038	1	2	-2.04762	0
YJR105W	0	0	0	0	0	0	0	0	0	0	0	0	2	2	-0.94308	0.25847	0	0	0	0
YBR017C	1	1	-0.32611	0	2	2	-0.72008	0.07366	2	2	-1.13534	0.04553	1	1	-1.62622	0	1	1	-1.70786	0
YMR205C	2	3	-0.22394	0.05094	2	6	-0.82456	0.02051	2	4	-1.25266	0.00892	2	5	-1.84992	0.01097	1	1	-1.98338	0
YKL056C	1	2	-0.37023	0	2	4	-0.70356	0.03557	2	3	-1.03051	0.02689	4	4	-1.10877	0.57195	4	4	-1.6177	0.13204
YOR293W	2	3	-0.39829	0.01011	1	2	-0.77854	0	2	3	-1.1869	0.04173	1	2	-1.43973	0	1	2	-1.64661	0
YKL104C	0	0	0	0	0	0	0	0	1	1	-1.30181	0	0	0	0	0	1	1	-1.70797	0
YNL287W	0	0	0	0	0	0	0	0	1	1	-1.00181	0	0	0	0	0	2	2	-0.89112	0.64181
YGL092W	56	116	-0.19536	0.11102	49	115	-0.22997	0.15363	43	93	-0.26639	0.18635	46	95	-0.34921	0.2663	44	103	-0.35736	0.26101
YNL031C	1	1	-0.47622	0	1	1	-0.83284	0	1	1	-1.28695	0	1	1	-1.55536	0	1	1	-1.93893	0
YGL189C	1	3	-0.41065	0	1	5	-0.7914	0	1	2	-1.15584	0	1	3	-1.43258	0	1	3	-1.56564	0
YOR369C	3	4	-0.3991	0.04655	3	5	-0.82133	0.10036	3	4	-1.17053	0.05463	2	2	-1.50184	0.05153	3	3	-1.60431	0.05371
YGR282C	1	1	-0.52758	0	2	3	-0.74854	0.02066	0	0	0	0	2	2	-1.59366	0.14601	1	1	-1.25867	0
YMR120C	1	1	-0.16928	0	1	1	-0.31243	0	0	0	0	0	5	6	-1.4877	0.24259	3	3	-1.70619	0.51373
YDL207W	8	8	-0.35423	0.0347	10	13	-0.61836	0.08162	5	7	-0.98736	0.05243	4	5	-1.23596	0.04092	7	9	-1.37077	0.15024
YDL084W	0	0	0	0	1	2	-0.84428	0	2	2	-1.15123	0.06412	0	0	0	0	1	1	-1.34347	0
YDL131W	0	0	0	0	1	1	-0.7156	0	1	1	-0.969	0	1	1	-1.45182	0	0	0	0	0
YKR057W	2	2	-0.37347	0.0172	1	2	-0.72069	0	3	4	-1.1246	0.12958	2	2	-1.29784	0.07298	3	4	-1.48737	0.19237
YBL092W	1	3	-0.41314	0	5	9	-0.81732	0.34925	3	6	-0.92514	0.3104	3	5	-1.47963	0.08706	4	7	-1.32088	0.45364
YIL142W	1	1	-0.37329	0	1	2	-0.81185	0	2	2	-1.1463	0.04045	0	0	0	0	1	1	-1.59541	0
YOR332W	0	0	0	0	1	1	-0.85776	0	0	0	0	0	0	0	0	0	0	0	0	0
YOR375C	6	7	-0.32352	0.03959	4	6	-0.62456	0.10956	2	3	-1.21465	0.10607	6	8	-1.45755	0.14355	5	6	-2.28711	1.43268
YOL086C	8	14	-0.26392	0.01271	10	22	-0.65951	0.02153	9	17	-0.99738	0.06003	10	22	-1.36886	0.05407	10	18	-1.45779	0.06483
YJR009C	2	4	-0.31391	0.01389	4	7	-0.66236	0.07959	1	2	-1.16384	0	3	7	-1.67334	0.12923	3	6	-1.72273	0.23994
YJR109C	0	0	0	0	0	0	0	0	0	0	0	0	2	2	-1.13678	0.34584	0	0	0	0
YOR020C	1	1	-0.11393	0	0	0	0	0	0	0	0	0	0	0	0	0	0	0	0	0
